0.00  1.00000000  1.00000000  1.00000000       1.000      1.000
0.10  0.81845015  0.93736637  0.89572635       0.914      1.046
0.20  0.67962442  0.87879339  0.80070640       0.849      1.098
0.30  0.57367969  0.82390414  0.71399396       0.803      1.154
0.40  0.49339356  0.77231410  0.63470696       0.777      1.217
0.50  0.43354695  0.72361405  0.56201309       0.771      1.288
0.60  0.39050490  0.67734384  0.49511338       0.789      1.368
0.70  0.36196115  0.63295099  0.43322291       0.836      1.461
0.80  0.34683115  0.58972479  0.37554895       0.924      1.570
0.90  0.34528722  0.54669489  0.32127171       1.075      1.702
1.00  0.35890268  0.50249448  0.26954862       1.331      1.864
1.10  0.39071508  0.45525603  0.21960825       1.779      2.073
1.20  0.44451995  0.40284851  0.17109124       2.598      2.355
1.30  0.52187033  0.55391570  0.12482502       4.181      4.438
1.40  0.61625578  0.63598557  0.08362015       7.370      7.606
1.50  0.71097413  0.72296247  0.05128578      13.863     14.097
1.60  0.78928383  0.79641047  0.02946660      26.786     27.028
1.70  0.84560919  0.84980335  0.01642571      51.481     51.736
1.80  0.88357637  0.88605404  0.00913211      96.755     97.026
1.90  0.90898390  0.91046428  0.00513784     176.920    177.208
2.00  0.92640347  0.92729994  0.00294048     315.052    315.357
