0.00  1.00000000  1.00000000  1.00000000  1.00000000  1.00000000
0.10  0.92896011  0.97733461  0.93811137  0.99024502  1.04181086
0.20  0.86795808  0.95554432  0.87855737  0.98793558  1.08762883
0.30  0.81598219  0.93460598  0.82117405  0.99367752  1.13813385
0.40  0.77219721  0.91449918  0.76579938  1.00835445  1.19417591
0.50  0.73592585  0.89520806  0.71227329  1.03320714  1.25683227
0.60  0.70663291  0.87672496  0.66043838  1.06994525  1.32748942
0.70  0.68391080  0.85905730  0.61014177  1.12090473  1.40796342
0.80  0.66746465  0.84224063  0.56123869  1.18927055  1.50068169
0.90  0.65709444  0.82636370  0.51359876  1.27939259  1.60896749
1.00  0.65267075  0.81161709  0.46711620  1.39723423  1.73750576
1.10  0.65409932  0.79839087  0.42172536  1.55100778  1.89315356
1.20  0.66126959  0.78748238  0.37742227  1.75206827  2.08647563
1.30  0.67398388  0.78058747  0.33429179  2.01615444  2.33504829
1.40  0.69186963  0.78171311  0.29253595  2.36507560  2.67219507
1.50  0.71428941  0.80314936  0.25249386  2.82893773  3.18086689
1.60  0.74027935  0.85935638  0.21463771  3.44897160  4.00375312
1.70  0.76855810  0.85581340  0.17952876  4.28097493  4.76699903
1.80  0.79763787  0.85989606  0.14772886  5.39933665  5.82077217
1.90  0.82602767  0.87073533  0.11968594  6.90162685  7.27516829
2.00  0.85246439  0.88468792  0.09563374  8.91384592  9.25079326
