0.00  1.00000000  1.00000000  1.00000000       1.000      1.000
0.10  0.81771427  0.96040106  0.92375550       0.885      1.040
0.20  0.67956137  0.92088775  0.84980417       0.800      1.084
0.30  0.57519807  0.88124842  0.77795062       0.739      1.133
0.40  0.49713420  0.84122141  0.70798903       0.702      1.188
0.50  0.44005229  0.80047197  0.63969635       0.688      1.251
0.60  0.40035579  0.75855633  0.57282331       0.699      1.324
0.70  0.37590385  0.71486646  0.50708453       0.741      1.410
0.80  0.36590820  0.66854864  0.44215381       0.828      1.512
0.90  0.37095950  0.61840017  0.37768492       0.982      1.637
1.00  0.39306577  0.56280082  0.31341627       1.254      1.796
1.10  0.43528941  0.49990809  0.24949412       1.745      2.004
1.20  0.49994635  0.42871084  0.18719905       2.671      2.290
1.30  0.58428835  0.61702980  0.12987159       4.499      4.751
1.40  0.67639112  0.69588757  0.08251330       8.197      8.434
1.50  0.75948615  0.77098112  0.04861133      15.624     15.860
1.60  0.82334624  0.83005773  0.02738252      30.068     30.313
1.70  0.86793838  0.87186411  0.01521088      57.060     57.318
1.80  0.89807300  0.90039445  0.00849915     105.666    105.939
1.90  0.91861754  0.92001036  0.00482000     190.585    190.874
2.00  0.93303982  0.93388755  0.00278141     335.456    335.761
