0.00  1.00000000  1.00000000  1.00000000  1.00000000  1.00000000
0.10  0.93041993  0.98347925  0.94632819  0.98318949  1.03925811
0.20  0.87082733  0.96700008  0.89330147  0.97484149  1.08250138
0.30  0.82021914  0.95055509  0.84088853  0.97541959  1.13041748
0.40  0.77776956  0.93413869  0.78905744  0.98569448  1.18386652
0.50  0.74281060  0.91774927  0.73777668  1.00682310  1.24393911
0.60  0.71481509  0.90139341  0.68701701  1.04046200  1.31203944
0.70  0.69338060  0.88509377  0.63675487  1.08892861  1.39000706
0.80  0.67821233  0.86890395  0.58697796  1.15543066  1.48030082
0.90  0.66910225  0.85293643  0.53769393  1.24439242  1.58628614
1.00  0.66590087  0.83741601  0.48894354  1.36191773  1.71270494
1.10  0.66847720  0.82278497  0.44081889  1.51644408  1.86649207
1.20  0.67666307  0.80992246  0.39348694  1.71965825  2.05832104
1.30  0.69018068  0.80065483  0.34721559  1.98775832  2.30592994
1.40  0.70855950  0.79920952  0.30239569  2.34315345  2.64292628
1.50  0.73106133  0.81837183  0.25954679  2.81668413  3.15308013
1.60  0.75664512  0.87459483  0.21929115  3.45041345  3.98828153
1.70  0.78400800  0.87034157  0.18228511  4.30099853  4.77461689
1.80  0.81171886  0.87307809  0.14911368  5.44362447  5.85511741
1.90  0.83841865  0.88230761  0.12017727  6.97651589  7.34171773
2.00  0.86301908  0.89454580  0.09561310  9.02615947  9.35589168
