0 1 1 1 1 1 1
0.05 0.949169413296 0.972956554731 0.980601424229 0.981384000456 0.981389209977 0.981389237839
0.1 0.900588631576 0.946428205438 0.961122001988 0.962577508562 0.962586578649 0.962586624266
0.15 0.854126853549 0.920391468933 0.941544065198 0.94356820179 0.943579987122 0.943580042772
0.2 0.809656472942 0.894821990932 0.921848237646 0.924342154159 0.924355694434 0.924355754346
0.25 0.767052528205 0.869694319638 0.902013148929 0.904883547049 0.90489804897 0.904898108992
0.3 0.726192184997 0.844981631931 0.88201508658 0.885174317272 0.885189137328 0.885189194584
0.35 0.686954299498 0.82065540023 0.861827571223 0.865193727281 0.865208355222 0.865208407849
0.4 0.649219146656 0.796684985161 0.841420836176 0.84491783896 0.844931882087 0.844931929053
0.45 0.6128684509 0.773037135602 0.82076118922 0.824318868886 0.824332037205 0.82433207804
0.5 0.577785929489 0.749675373681 0.799810231087 0.803364400095 0.803376492326 0.803376527012
0.55 0.543858646531 0.726559238554 0.778523903935 0.782016424234 0.782027314754 0.782027343566
0.6 0.510979562284 0.703643359957 0.756851346852 0.760230192387 0.760239819085 0.760239842518
0.65 0.479051706317 0.680876333075 0.734733549724 0.737952867967 0.73796122105 0.737961239674
0.7 0.447994327067 0.658199374016 0.712101832055 0.715122011299 0.715129123059 0.715129137562
0.75 0.417751057999 0.635544758159 0.688876247253 0.691664001019 0.691669936623 0.691669947628
0.8 0.388299470629 0.612834094907 0.664964154627 0.667492640688 0.667497489844 0.667497498003
0.85 0.359660334075 0.589976595338 0.640259454626 0.642508453182 0.642512322794 0.642512328664
0.9 0.331903716505 0.566867679306 0.614643403778 0.616599585147 0.616602592862 0.616602596975
0.95 0.305148393463 0.54338859581 0.587988562218 0.589645872717 0.589648141313 0.589648144083
1 0.279551754936 0.519408246888 0.560168251065 0.561528424529 0.561530077022 0.561530078825
1.05 0.255290001188 0.49478912187 0.531074653679 0.532147796193 0.532148951539 0.532148952645
1.1 0.232532156101 0.469400021047 0.500648648134 0.501453724414 0.501454493682 0.501454494332
1.15 0.211414347515 0.443138567187 0.468922196459 0.469487070675 0.469487553609 0.469487553965
1.2 0.192021006183 0.415965267304 0.436067975605 0.436428499524 0.436428781641 0.436428781829
1.25 0.174376897642 0.387946546542 0.40244094345 0.402638616899 0.402638767355 0.402638767444
1.3 0.158449917672 0.359296055394 0.368587656378 0.368665806886 0.368665877731 0.368665877761
1.35 0.14416152036 0.330394638526 0.335201766692 0.335200967383 0.335200994594 0.335200994621
1.4 0.13140059409 0.301767925747 0.303025463542 0.302979545833 0.302979551921 0.302979551926
1.45 0.120037251762 0.274014809729 0.27272725996 0.272661167007 0.272661164531 0.272661164531
1.5 0.109934401117 0.247706219882 0.24480219762 0.244732035042 0.244732030196 0.244732030196
1.55 0.100956293218 0.22329225342 0.219526808401 0.21946147574 0.219461471075 0.219461471078
1.6 0.092974140014 0.201050195605 0.196970716304 0.19691411413 0.196914110456 0.196914110453
1.65 0.085869327058 0.18108176171 0.177043888664 0.176996921815 0.176996919154 0.176996919164
1.7 0.079534860656 0.163345572586 0.159554170388 0.159516208653 0.159516206816 0.159516206818
1.75 0.07387562998 0.14770343226 0.144257872796 0.144227661921 0.144227660679 0.144227660679
1.8 0.068807941034 0.133963969877 0.130896538955 0.130872697301 0.130872696497 0.130872696475
1.85 0.064258650494 0.121915914842 0.119219968601 0.119201220697 0.119201220154 0.119201219123
1.9 0.060164118979 0.111349869623 0.108998560667 0.108983822914 0.108983822499 0.108983783779
1.95 0.056469121585 0.102070641621 0.100028473088 0.100016865798 0.100016865447 0.100015649803
2 0.053125796315 0.093902979857 0.092132461151 0.092123288545 0.092123287727 0.092115595212
