0 1 1 1 1 1 1
0.05 0.989001141578 0.994261735826 0.995858387674 0.995925367907 0.995912374791 0.995861412616
0.1 0.978223103286 0.988602354054 0.991705222458 0.991831169697 0.991829462768 0.991790886542
0.15 0.967660324881 0.983021655377 0.987539849166 0.987717066156 0.987712304239 0.98767701128
0.2 0.957307240114 0.977519471749 0.983361621185 0.983582915828 0.983567368558 0.983491579589
0.25 0.947158343557 0.972095679198 0.979169914479 0.979428440017 0.979424262501 0.979305934275
0.3 0.937208288845 0.966750216116 0.974964147829 0.975253785298 0.975242989407 0.975191099159
0.35 0.927452030887 0.961483109785 0.970743812282 0.971057933087 0.971040018794 0.970953167924
0.4 0.917885025899 0.956294513965 0.966508513095 0.966842015688 0.966831010216 0.966763771883
0.45 0.908503508741 0.95118476243 0.962258029502 0.962605464777 0.962595318455 0.962466921235
0.5 0.899304870306 0.946154444777 0.957992399472 0.958348894247 0.958333502435 0.958244628955
0.55 0.890288162231 0.941204513504 0.953712039262 0.954073433718 0.954056969114 0.953936685767
0.6 0.881454760477 0.936336434763 0.949417911775 0.949779778145 0.949759441294 0.949607735475
0.65 0.872809223438 0.931552400017 0.945111762504 0.94546939181 0.94545844136 0.945346148631
0.7 0.864360384399 0.926855622378 0.940796449155 0.941149453326 0.941130144201 0.940970092976
0.75 0.856122722786 0.922250750537 0.936476401343 0.936820132777 0.936790840841 0.936661687996
0.8 0.848118065242 0.917744445993 0.932158258716 0.932490450442 0.932450386488 0.932280277443
0.85 0.840377679102 0.913346187518 0.927851749555 0.928169660264 0.928124227471 0.927948650034
0.9 0.832944846193 0.909069391253 0.923570946849 0.923872247046 0.923811242032 0.923674377557
0.95 0.825878039262 0.904932976999 0.919335906896 0.919617459126 0.919575053465 0.919297059511
1 0.819254926319 0.900963563947 0.915175062724 0.915436888544 0.915383952455 0.915104199718
1.05 0.813177578944 0.897198576627 0.911128665272 0.911375414468 0.911313482843 0.911075708107
1.1 0.807779536941 0.893690693923 0.907253387122 0.907478053653 0.90738692896 0.907115018248
1.15 0.803236036786 0.890514348485 0.903628781214 0.903832402065 0.90377075629 0.90342788144
1.2 0.799779791018 0.887775495767 0.900367326525 0.900546968498 0.900422035333 0.900094837012
1.25 0.797726755464 0.885626909183 0.897632421201 0.897794552112 0.897670261729 0.897254780266
1.3 0.797522602849 0.88429351451 0.895660039072 0.895799287804 0.895616982822 0.894962308838
1.35 0.799834393105 0.884117681034 0.894808457699 0.894919786166 0.894724721409 0.894205257292
1.4 0.80574307195 0.885648909087 0.895648211598 0.895750814035 0.895554680273 0.894879896576
1.45 0.817248420785 0.889847504612 0.899172145017 0.899232482463 0.89901069209 0.897992943648
1.5 0.838889586153 0.898632985406 0.907358065089 0.907409266215 0.907093886918 0.906010614729
1.55 0.884523935007 0.915991046241 0.924368015915 0.924418653252 0.923983645116 0.922653622855
1.6 0.943898865609 0.92733378175 0.935802542295 0.935801793364 0.935341714355 0.933829798215
1.65 0.96257011134 0.924162860276 0.932518472807 0.932519604101 0.931935740488 0.930154841777
1.7 0.969391027258 0.921136565609 0.929247261705 0.929230969358 0.928499955431 0.926400743869
1.75 0.972416559333 0.919364009114 0.927163125712 0.927068630915 0.926331865026 0.923898457881
1.8 0.973695791462 0.918591873018 0.9260355037 0.925932810417 0.924998662588 0.92177647989
1.85 0.973966319998 0.918492721289 0.925545800165 0.92538818342 0.924315698759 0.920227745096
1.9 0.973584962172 0.918790007343 0.92542999563 0.925241485298 0.923763528226 0.919280531021
1.95 0.972669469641 0.919267662817 0.925503906188 0.925249978063 0.923304305984 0.918626659369
2 0.971353879975 0.919758447706 0.925572116253 0.925202072553 0.922884899522 0.916297146838
