0 1 1 1 1 1 1
0.05 0.9685407387 0.983947154293 0.990039441724 0.990731160952 0.990735401795 0.990724257204
0.1 0.938123952423 0.968176828033 0.980000539859 0.981299223581 0.981307891779 0.981296915959
0.15 0.908690059297 0.952678241292 0.96986904524 0.971692704038 0.971702881921 0.971690810299
0.2 0.880177518775 0.937439804118 0.959628965579 0.961898507048 0.961911356413 0.961900521699
0.25 0.852522172975 0.922448909061 0.949262240164 0.951901603607 0.951915488098 0.951903587287
0.3 0.825656688259 0.907691674561 0.938748339163 0.941684632826 0.941698414531 0.941672486805
0.35 0.799510293393 0.893152629814 0.928063771647 0.931227414049 0.931238918698 0.931207178577
0.4 0.774009087722 0.878814331383 0.91718148587 0.920506340393 0.920520037059 0.92050781812
0.45 0.749077263625 0.864656903396 0.906070148406 0.909493679805 0.909506215085 0.909493152363
0.5 0.724639632427 0.850657496274 0.894693296582 0.898156727044 0.89816710456 0.898139621355
0.55 0.700625829647 0.836789665726 0.883008375752 0.886456839621 0.886461476624 0.886403988834
0.6 0.676976454135 0.823022686158 0.870965705247 0.874348358719 0.874349344938 0.874324653562
0.65 0.653651087364 0.809320834301 0.858507471739 0.861778009741 0.861777723372 0.861728621595
0.7 0.630637607799 0.795642715867 0.84556694063 0.848682973729 0.848677068786 0.848632346873
0.75 0.607961488595 0.781940762901 0.832068213386 0.83499183927 0.834994057609 0.834943411998
0.8 0.585693043595 0.768161120223 0.817927058568 0.820627868912 0.820606320637 0.820497900402
0.85 0.563950275644 0.754244261094 0.803053589813 0.805503784642 0.805460859066 0.805390393477
0.9 0.542895405977 0.740126840167 0.787357911718 0.789536260676 0.789510421503 0.789428717809
0.95 0.522724151368 0.725745468859 0.770759924279 0.772660502497 0.772613974633 0.772486463901
1 0.503654414541 0.711043313288 0.753204083224 0.754817988062 0.754781766422 0.754555162972
1.05 0.485897801582 0.695980389398 0.734680837014 0.736013630536 0.735948114219 0.735640042551
1.1 0.46966659481 0.68054836225 0.715253220138 0.71631489207 0.716228360924 0.715837291094
1.15 0.455138152296 0.664789850509 0.695078374379 0.695891059656 0.695755320577 0.695318277367
1.2 0.442494079436 0.648821719476 0.674441683374 0.675012376245 0.674891055956 0.674336266578
1.25 0.431895096622 0.632860981795 0.653763678674 0.654171410879 0.653873751228 0.653067472991
1.3 0.42352403437 0.617250113942 0.63360445729 0.633832977674 0.633536239006 0.632818857493
1.35 0.417675588905 0.602494838958 0.614671000139 0.614791395661 0.614426224356 0.613197270723
1.4 0.414797773141 0.589330303928 0.597856105191 0.597874463417 0.597276037942 0.59586296915
1.45 0.415792105518 0.578895587852 0.584398032749 0.584334724402 0.583669273969 0.58154354646
1.5 0.422861321389 0.573428044171 0.576605304342 0.576409210682 0.575581700517 0.572314361176
1.55 0.445462444179 0.581117085471 0.582776401155 0.58256202032 0.581174622586 0.576898969789
1.6 0.80904261467 0.694355470846 0.717845832929 0.717660063342 0.715274394477 0.708493663837
1.65 0.794684488848 0.691608663208 0.71255033374 0.712222530462 0.708647230448 0.699688900473
1.7 0.779505371777 0.686867440203 0.705486231013 0.704860944018 0.700537237225 0.686031837894
1.75 0.763589393664 0.680273559023 0.696746775992 0.695608923503 0.689747350155 0.670925900874
1.8 0.746997346621 0.671958109012 0.686498751977 0.685145553066 0.677208104737 0.650808363957
1.85 0.729738070975 0.662144162059 0.674921570792 0.672520469536 0.663202019949 0.628851954812
1.9 0.711949770377 0.650991988441 0.662199238232 0.659075504994 0.646389318484 0.60103997019
1.95 0.693883387212 0.638636373232 0.648473451255 0.64527198537 0.628391078655 0.573984680401
2 0.675283199306 0.62533806623 0.633871923386 0.629208556463 0.606239674163 0.545450843754
