0 1 1 1 1 1 1
0.05 0.972480941764 0.98425277867 0.986448955429 0.986527954295 0.986528016875 0.986528016915
0.1 0.945464865704 0.968561497033 0.97279401298 0.972941169536 0.972941279272 
0.15 0.918930207766 0.952918063353 0.959028743332 0.959233913325 0.959234057177 
0.2 0.892855599159 0.937313910614 0.945146269388 0.945399993157 0.945400160212 
0.25 0.867219923313 0.921739953282 0.931139229937 0.93143271939 0.931432900629 
0.3 0.842002393837 0.906186541381 0.916999742042 0.917324867047 0.917325055108 
0.35 0.817182657127 0.890643412227 0.902719362857 0.903068636961 0.90306882594 
0.4 0.792740923331 0.87509964039 0.888289051905 0.888655617456 0.888655802715 
0.45 0.768658129301 0.859543586795 0.873699135241 0.87407674791 0.874076925907 
0.5 0.744916136671 0.843962848294 0.85893927355 0.859322286247 0.859322454383 
0.55 0.721497967323 0.828344209657 0.843998436883 0.844381783118 0.844381939594 
0.6 0.698388076992 0.81267360065 0.828864889711 0.829244066372 0.829244210041 
0.65 0.675572665587 0.796936061886 0.813526191071 0.813897240662 0.813897370944 
0.7 0.653040019811 0.78111572438 0.797969216064 0.79832870836 0.79832882513 
0.75 0.630780879839 0.7651958093 0.782180206567 0.782525219717 0.782525323194 
0.8 0.608788817284 0.749158656312 0.76614486112 0.766472962116 0.766473052812 
0.85 0.587060606583 0.73298579122 0.749848476125 0.750157700621 0.750157779246 
0.9 0.565596566836 0.716658046194 0.733276152922 0.733564984275 0.733565051691 
0.95 0.544400846573 0.700155748772 0.716413087654 0.716680435115 0.71668049228 
1 0.523481620791 0.683458998698 0.699244962858 0.69949013866  
1.05 0.502851168838 0.666548054281 0.681758460718 0.681981155936  
1.1 0.482525804214 0.649403851551 0.663941917425 0.664142176241  
1.15 0.462525633724 0.632008679411 0.645786134757 0.645964326871  
1.2 0.442874133782 0.614347030788 0.627285357905 0.627442148738  
1.25 0.423597545542 0.596406642222 0.60843841618 0.608574734506  
1.3 0.404724106477 0.578179720655 0.589250004616 0.589367007399  
1.35 0.386283152189 0.559664335084 0.569732059 0.569831093266  
1.4 0.368304136259 0.54086592157 0.549905145508 0.549987707326  
1.45 0.350815625503 0.521798813943 0.529799751609 0.529867442641  
1.5 0.333844331649 0.502487672702 0.50945733278 0.509511815169  
1.55 0.317414237309 0.482968647905 0.488930947536 0.488973898438  
1.6 0.301545864883 0.463290087645 0.468285311037 0.46831837847  
1.65 0.286255722999 0.443512603458 0.447596123509 0.447620885496  
1.7 0.271555948639 0.423708337394 0.426948588613 0.42696651774  
1.75 0.257454146469 0.403959346995 0.406435125979 0.406447561215  
1.8 0.243953412162 0.384355128914 0.386152389109 0.386160516257  
1.85 0.231052515301 0.364989423352 0.366197804923 0.366202646335  
1.9 0.218746210251 0.34595655505 0.346665930653 0.346668343959  
1.95 0.207025640378 0.32734764539 0.32764495835 0.327645643121  
2 0.195878801493 0.309247054118 0.309213677507 0.309213188153  
